0      105
1      770
2      563
3      3613
4      7428
5      3863
6      4427
7      8260
8      7631
9      1237
10      8400
11      1091
12      10381
13      10216
14      10516
15      5999
16      2127
17      5882
18      3406
19      1468
20      9709
21      4993
22      10435
23      5505
24      3916
25      6588
26      7347
27      3528
28      8763
29      5417
30      1547
31      4406
32      8583
33      1783
34      4689
35      3845
36      1805
37      4169
38      1944
39      1957
40      6117
41      2079
42      4245
43      2514
44      2029
45      3710
46      4181
47      5200
48      1856
49      2828
50      1938
51      2144
52      2008
53      2847
54      2210
55      3119
56      2130
57      2421
58      3052
59      2315
60      2776
61      2439
62      3197
63      2569
64      2417
65      2822
66      2542
67      3406
68      2905
69      2995
70      2908
71      3182
72      2941
73      2893
74      3722
75      3637
76      3594
77      2934
78      3217
79      3194
80      3441
81      3130
82      3427
83      3415
84      4065
85      3512
86      4775
87      3768
88      4226
89      3496
90      4034
91      4354
92      3853
93      6537
94      3951
95      3885
96      3888
97      6502
98      4143
99      5908
100      3998
101      6644
102      6052
103      5440
104      15806
105      17041
106      8069
107      6903
108      4750
109      4507
110      5502
111      4820
112      5181
113      4782
114      8072
115      5415
116      4677
117      5176
118      4915
119      4940
120      5260
121      5677
122      5251
123      5745
124      5304
125      5449
126      5913
127      6238
128      6368
129      5400
130      5535
131      6144
132      6632
133      5818
134      6124
135      7361
136      5821
137      5768
138      6299
139      7225
140      6505
141      6583
142      7113
143      7018
144      6687
145      6745
146      6643
147      7431
148      7378
149      6559
150      6422
151      7867
152      7136
153      7074
154      6845
155      7012
156      6673
157      7224
158      7415
159      8660
160      7332
161      7341
162      7677
163      7606
164      7532
165      7095
166      7575
167      7433
168      7601
169      7737
170      7714
171      8028
172      8242
173      7787
174      7863
175      7845
176      7534
177      8145
178      7911
179      8639
180      7869
181      8215
182      8827
183      7582
184      8453
185      9735
186      8433
187      8805
188      8668
189      8497
190      8746
191      9873
192      9536
193      8343
194      8319
195      9161
196      9609
197      8909
198      9085
199      8634
200      9363
201      9593
202      9332
203      8427
204      9286
205      10472
206      8867
207      9647
208      9034
209      9473
210      10326
211      8826
212      9533
213      10122
214      10712
215      10753
216      9273
217      10077
218      9732
219      10003
220      10087
221      9578
222      10303
223      10725
224      10584
225      10273
226      10868
227      10869
228      10236
229      10622
230      11015
231      10316
232      10911
233      11716
234      9855
235      11175
236      10857
237      11475
238      11256
239      11073
240      10622
241      11658
242      10892
243      10771
244      11743
245      12818
246      10904
247      12394
248      12897
249      10994
250      11239
251      12109
252      12341
253      11782
254      12673
255      11356
256      11657
257      11938
258      12011
259      11863
260      13061
261      12451
262      12598
263      11807
264      12941
265      11854
266      13615
267      12045
268      11462
269      12561
270      12007
271      13372
272      12520
273      12836
274      12577
275      12392
276      13305
277      12912
278      11760
279      13029
280      12600
281      13239
282      13067
283      12222
284      13964
285      13223
286      12334
287      13267
288      13086
289      13191
290      13466
291      14259
292      13861
293      14398
294      13630
295      13685
296      12625
297      13088
298      12608
299      13639
300      13695
301      13738
302      13433
303      14267
304      14236
305      13901
306      13918
307      14531
308      14070
309      12932
310      14190
311      13624
312      13832
313      14428
314      14141
315      15617
316      13294
317      13890
318      23065
319      19025
320      19228
321      14775
322      14429
323      14157
324      14425
325      14395
326      14760
327      14184
328      15819
329      14517
330      21238
331      40326
332      15670
333      15417
334      14015
335      15026
336      16148
337      15900
338      15163
339      16141
340      15879
341      15829
342      15829
343      15554
344      15928
345      17205
346      16298
347      15975
348      15822
349      16049
350      16684
351      16317
352      16415
353      16636
354      16027
355      16179
356      16213
357      17603
358      17362
359      16892
360      16423
361      16206
362      17392
363      18418
364      16605
365      17923
366      17117
367      16950
368      16879
369      16673
370      17827
371      17226
372      17072
373      22562
374      18541
375      15826
376      18394
377      16301
378      25211
379      17021
380      17757
381      18253
382      17977
383      18102
384      17725
385      17879
386      17944
387      19285
388      19050
389      18376
390      17217
391      19306
392      19152
393      17366
394      19088
395      17604
396      17466
397      20686
398      19440
399      19567
400      19176
401      18912
402      19644
403      19234
404      19802
405      17995
406      18519
407      20606
408      18864
409      19968
410      19390
411      19777
412      19368
413      19632
414      19417
415      19234
416      19917
417      18868
418      19891
419      20227
420      19031
421      19711
422      19218
423      19615
424      18140
425      20166
426      19297
427      19920
428      21656
429      19401
430      20449
431      19132
432      20838
433      20599
434      20054
435      21165
436      20231
437      20213
438      19265
439      21019
440      21723
441      21216
442      19965
443      20094
444      21127
445      23118
446      19744
447      20925
448      21146
449      20124
450      20933
451      21502
452      20398
453      22452
454      21767
455      23220
456      21296
457      20936
458      21736
459      20466
460      21882
461      22281
462      21637
463      21582
464      22213
465      21758
466      22721
467      22040
468      22042
469      22285
470      22505
471      22671
472      22003
473      21079
474      23007
475      22158
476      23961
477      23824
478      22709
479      22221
480      22258
481      23396
482      21581
483      22869
484      23261
485      23483
486      22736
487      23462
488      23581
489      22143
490      22249
491      24351
492      24216
493      23179
494      22379
495      23034
496      23742
497      22868
498      36143
499      45575
500      35913
501      43977
502      36822
503      36112
504      34969
505      39728
506      36527
507      35008
508      42635
509      38036
510      38649
511      44671
512      52762
513      34965
514      47117
515      39650
516      62635
517      89411
518      41832
519      47580
520      45845
521      34073
522      35210
523      29495
524      27928
525      23993
526      24030
527      25084
528      30862
529      29116
530      26678
531      26398
532      27381
533      31908
534      23484
535      24708
536      25583
537      25847
538      25320
539      52812
540      91593
541      108845
542      76246
543      68285
544      33224
545      34052
546      32646
547      33047
548      30836
549      36469
550      38699
551      38840
552      37918
553      40138
554      44978
555      46842
556      38882
557      44622
558      45323
559      37716
560      42713
561      37254
562      44854
563      38288
564      36298
565      42604
566      35273
567      37137
568      43803
569      41222
570      51258
571      38842
572      36003
573      35369
574      29833
575      30152
576      28598
577      40881
578      37124
579      29999
580      30279
581      41279
582      28282
583      30549
584      29391
585      26127
586      27425
587      26203
588      26846
589      27534
590      26214
591      27201
592      27035
593      27849
594      32839
595      26995
596      26738
597      26535
598      28142
599      29415
600      27899
601      27361
602      26142
603      27389
604      29095
605      29635
606      26999
607      28254
608      27121
609      27671
610      27426
611      31011
612      27748
613      27519
614      34916
615      26445
616      28743
617      45655
618      30455
619      31781
620      37969
621      33645
622      31625
623      30588
624      29131
625      28292
626      28919
627      31549
628      28235
629      30266
630      29180
631      29130
632      29417
633      31624
634      30736
635      31119
636      31810
637      29563
638      30999
639      30433
640      28927
641      30440
642      36031
643      28508
644      29358
645      28093
646      29839
647      34840
648      29330
649      30729
650      30291
651      30183
652      36236
653      29728
654      29981
655      30035
656      30289
657      29591
658      29104
659      30569
660      29622
661      29119
662      27458
663      30849
664      31476
665      31891
666      30919
667      31696
668      29070
669      30697
670      28362
671      33558
672      30127
673      33085
674      36963
675      29714
676      39757
677      33717
678      33521
679      36258
680      32763
681      34552
682      33427
683      30841
684      32616
685      31480
686      31701
687      31746
688      34169
689      32316
690      45312
691      33044
692      31972
693      30422
694      31557
695      32540
696      30970
697      54185
698      40061
699      35390
700      38670
701      37116
702      37681
703      33864
704      35570
705      35443
706      36484
707      32384
708      31634
709      33737
710      32145
711      42088
712      35646
713      34950
714      33304
715      35069
716      55902
717      38723
718      54873
719      41900
720      39194
721      40520
722      36819
723      45221
724      37551
725      36810
726      49973
727      39084
728      36491
729      36471
730      35926
731      33193
732      35598
733      33605
734      35821
735      34075
736      34351
737      35870
738      38158
739      33496
740      34011
741      35526
742      47123
743      33268
744      35028
745      37198
746      34075
747      32908
748      33475
749      34074
750      33903
751      35511
752      35954
753      34938
754      35939
755      36898
756      34658
757      35614
758      35775
759      56284
760      39511
761      46273
762      45372
763      36905
764      36302
765      37097
766      38834
767      36570
768      37584
769      36603
770      37080
771      36928
772      36071
773      35817
774      34292
775      35409
776      35230
777      36238
778      37510
779      34997
780      37873
781      36495
782      35197
783      42564
784      177823
785      161612
786      66632
787      65613
788      71504
789      58571
790      46682
791      46054
792      43057
793      46501
794      48131
795      45871
796      52074
797      48400
798      42410
799      46765
800      64694
801      67587
802      63852
803      53770
804      50127
805      59298
806      53277
807      66092
808      58192
809      58629
810      55561
811      55009
812      54850
813      50614
814      42077
815      51606
816      48165
817      54626
818      49855
819      51244
820      57758
821      50893
822      53587
823      55615
824      53162
825      54132
826      50193
827      48896
828      54300
829      43802
830      45893
831      42584
832      39346
833      43798
834      39441
835      41889
836      40033
837      41939
838      39298
839      40031
840      46270
841      44485
842      42070
843      40793
844      40593
845      42963
846      44023
847      42945
848      42896
849      40726
850      42184
851      44275
852      40927
853      40824
854      38106
855      39618
856      41006
857      41900
858      40270
859      42234
860      41152
861      39897
862      40757
863      39806
864      41107
865      40159
866      39604
867      42010
868      41581
869      41272
870      41419
871      40713
872      40195
873      39503
874      40950
875      40070
876      40328
877      46287
878      42076
879      40579
880      40682
881      41574
882      40004
883      52478
884      53534
885      54734
886      49320
887      50570
888      50833
889      56632
890      49637
891      52396
892      47695
893      47892
894      45952
895      44359
896      46546
897      47775
898      48618
899      49955
900      46821
901      46234
902      51684
903      47655
904      44490
905      40872
906      42569
907      43046
908      40916
909      41258
910      42603
911      40381
912      40631
913      40485
914      41000
915      43599
916      41244
917      40545
918      41477
919      40585
920      44628
921      43850
922      42750
923      41926
924      43960
925      43047
926      40893
927      42076
928      43430
929      41906
930      44691
931      43602
932      43314
933      44084
934      43681
935      42566
936      46990
937      43598
938      45544
939      44076
940      45230
941      43515
942      43533
943      42394
944      43672
945      43634
946      42457
947      44612
948      44986
949      44573
950      43437
951      43952
952      49676
953      44685
954      44495
955      45341
956      45558
957      47069
958      46656
959      44036
960      45328
961      44518
962      45219
963      45610
964      44829
965      43811
966      45810
967      44154
968      44632
969      45149
970      45158
971      43139
972      43810
973      49304
974      48041
975      47985
976      46886
977      49321
978      48628
979      49043
980      49633
981      176374
982      122737
983      65356
984      52905
985      47845
986      62926
987      63367
988      55959
989      61911
990      62808
991      62831
992      89054
993      94828
994      68701
995      67613
996      75457
997      67192
998      72041
999      76940
