104     36013
79     26890
83     10171
31     2403
33     6565
24     1159
21     964
63     3981
89     3598
77     5667
13     501
49     1906
45     1692
30     1130
19     714
23     844
36     1428
112     8533
54     2071
106     4005
41     1596
104     7705
15     563
58     2183
117     5039
89     6373
81     3076
99     3645
33     1228
108     7630
35     2120
80     3692
27     1050
54     3286
13     495
68     6005
68     2583
35     1325
94     6078
98     7716
62     5373
83     6430
102     10890
53     2239
17     2996
107     6140
91     3402
108     6289
53     2289
46     1707
45     1592
25     853
71     2614
87     8790
100     3710
41     1462
57     2299
73     2772
20     740
83     4312
88     3239
77     2754
79     3071
50     1924
26     2430
16     687
111     4234
75     2756
46     1656
51     2086
101     5218
26     896
78     2823
85     3106
31     1137
29     1048
32     1326
56     2024
21     1783
18     1753
61     2218
114     4233
107     4682
32     1106
97     4976
28     975
55     4759
52     1879
86     10862
75     13876
91     3550
104     4014
95     3723
35     2524
24     2772
31     1149
55     2199
33     3616
57     2299
61     2750
39     1356
22     703
22     698
25     857
62     2243
75     2646
92     3559
108     9011
113     4040
107     3874
66     2344
39     1356
59     2171
26     950
107     3982
103     3819
32     1155
64     2727
95     5996
101     3584
38     1288
76     2915
33     2122
88     5000
72     2637
70     2469
87     3270
26     930
15     670
52     1944
110     4077
40     1427
110     3996
39     1399
59     2194
72     2687
87     3187
95     3447
99     3720
108     3988
35     1250
58     2421
11     395
32     1138
26     869
41     1425
46     1628
83     3048
115     4360
20     761
99     3675
101     3654
100     3547
49     1961
109     4042
81     2975
42     1475
91     3444
92     4634
103     5987
84     3062
35     1163
25     876
36     1259
118     4192
75     3528
29     1021
69     2381
86     3311
20     635
82     3027
41     1414
104     3920
44     1510
111     3997
101     3678
75     2748
68     2751
111     3955
78     2812
45     1757
95     3397
96     3536
47     1706
83     3101
59     2082
111     4100
90     3335
31     1279
83     3037
80     2882
80     3223
47     1603
103     4435
32     1076
45     1624
107     3839
22     807
46     1606
56     1983
74     2657
52     1816
41     1531
93     3601
65     2414
88     3412
15     518
43     1578
45     1741
43     1610
101     3714
107     5255
31     1073
34     1218
91     3518
56     2039
45     1624
113     4244
84     3127
26     904
23     821
58     2165
21     732
59     2157
15     526
81     2898
79     2815
58     2099
46     1548
27     924
71     2605
22     726
56     2046
41     1487
86     3254
67     2578
11     680
92     3252
46     1635
80     2964
87     3119
80     3072
101     3802
97     3536
104     5739
14     541
81     6244
70     4721
20     2607
63     2230
56     2135
92     3219
118     4883
60     4667
110     5354
38     1790
51     2099
73     3914
71     3976
26     906
67     2462
50     1774
32     1071
56     2073
77     4428
84     3623
75     2711
69     2397
47     1872
91     5226
75     3892
35     1225
16     663
84     2940
59     2207
108     5112
72     3516
35     1257
80     2796
107     3928
50     1742
91     6370
107     3833
100     3774
25     846
31     1051
17     2583
51     2186
67     3460
48     1718
112     4124
61     2926
83     5076
95     3526
71     2416
21     845
28     984
94     5417
38     2448
98     3559
104     3797
102     7086
54     2186
72     2627
73     2629
66     2423
46     1661
101     6092
89     3201
57     1980
82     3322
107     7457
39     1335
92     3262
50     1702
15     559
20     662
96     5161
65     4093
68     2417
38     1348
66     2428
74     4771
110     6198
37     1381
61     2078
44     1713
26     855
31     1068
106     5684
74     2786
108     3881
23     796
39     1562
73     4277
69     3693
59     2062
96     3494
102     3815
70     3907
30     2242
19     675
52     1936
115     4135
52     1988
114     8185
38     1366
48     1696
96     3638
77     3201
75     4713
20     730
36     1300
27     945
34     1214
51     1787
109     4017
98     6496
33     1164
28     963
25     843
106     3755
44     1782
38     1347
111     7341
107     3858
47     1607
111     7744
75     3693
86     3000
16     519
72     2733
71     3924
95     4423
54     1913
39     1372
63     2318
55     2029
22     737
107     8276
94     4209
46     11817
31     1191
109     4053
91     13792
107     4483
26     1976
38     1674
106     4983
37     1326
107     4329
36     1194
39     2101
24     2569
89     4163
71     2517
89     3378
25     846
21     694
68     3734
66     3908
19     1011
52     1736
99     4104
62     2551
44     6164
74     4400
50     2365
107     7963
95     5516
86     3183
96     6622
79     3010
16     651
106     4830
74     2748
42     4189
77     5880
88     3355
104     5561
106     6240
15     508
48     1675
67     2362
83     3147
79     5135
63     2861
40     1401
73     2645
114     4259
75     5089
79     3471
101     3619
24     968
48     1743
104     5908
89     3475
17     590
27     1033
32     1071
55     2133
110     5941
70     2792
91     3666
85     5984
46     5830
94     7352
88     9965
36     3162
99     3853
47     2575
84     4198
93     4815
114     4233
85     3717
109     6247
40     1984
81     2977
62     2230
114     5927
29     1022
33     1178
63     2358
23     790
37     1287
87     3297
31     1365
21     788
46     6598
29     1342
37     1332
110     4084
79     3419
30     1720
23     841
92     3885
111     3959
98     4076
45     2987
87     5183
48     1638
56     2065
35     3987
40     2627
73     4699
59     2101
67     2570
96     3413
57     3161
55     2547
75     3008
28     3672
104     3772
53     3719
88     5497
74     2655
15     525
93     3452
50     1859
46     6341
69     2683
52     1788
44     1553
100     3710
22     2206
83     3952
43     1513
113     6926
70     3543
82     5218
42     1445
87     3141
32     1526
69     2439
106     7586
18     631
99     3553
112     4152
64     5085
41     1370
112     4883
53     1900
61     2172
79     5130
21     765
53     2118
41     1422
35     1351
66     2373
36     1421
111     5579
80     3104
23     951
64     2445
98     3564
31     1007
60     2168
47     4947
87     6537
20     697
46     1735
15     528
97     5733
40     1556
55     2343
90     3164
75     2812
95     5837
52     2189
25     808
76     2623
115     4977
87     6748
82     9584
102     8834
113     4142
58     2052
48     1643
77     3962
22     751
37     1426
36     1425
20     679
93     3293
114     4063
27     914
111     7369
52     1915
76     2782
54     1962
31     1076
61     3803
85     4722
66     2605
45     1526
63     2290
93     4520
64     2891
12     445
62     2575
112     4000
71     2616
69     2642
18     1930
67     4543
49     1713
88     3197
21     707
59     2336
103     6482
92     3267
43     1541
59     2062
102     5331
50     2155
67     3503
109     3875
30     1052
110     3918
26     4968
23     759
119     4348
92     3294
18     572
81     4821
84     4218
56     2521
39     1279
105     3824
67     3632
64     4008
54     1937
15     501
55     1859
21     686
56     2080
84     3442
91     6216
50     1804
61     2165
75     2703
52     1768
94     6301
99     3523
41     1454
25     794
48     1660
34     1279
38     1391
70     3879
17     1914
55     2312
100     3606
97     3582
110     27222
69     2582
57     2023
65     2299
47     5640
35     1225
53     1791
36     1277
71     2608
80     2940
108     7397
17     618
48     1671
89     3327
28     1013
102     5466
81     4389
21     866
23     773
48     1752
113     4039
104     6145
72     2854
103     3601
115     4293
53     2549
31     1491
63     3773
109     3808
65     2274
31     1259
53     2649
65     3220
109     4182
93     3768
95     3593
108     6840
61     2160
17     599
93     3325
86     5496
105     6468
111     4019
15     496
97     3433
60     3766
41     2692
28     964
37     1227
49     1895
69     2507
73     2558
20     701
77     6309
65     2403
56     1933
78     2803
26     851
94     4891
94     4297
28     1113
111     3918
87     3895
27     1603
106     5384
46     7636
71     3775
90     4808
62     2156
33     1157
42     1560
109     4548
49     2601
42     2409
61     2226
64     2213
101     3831
89     5963
69     2676
100     3504
54     2023
19     757
71     2946
82     5724
77     2701
116     4163
106     6066
87     4605
84     3071
26     918
33     1144
61     2272
53     3251
25     1185
59     3886
24     843
81     2891
42     1447
50     1893
11     383
25     868
90     6233
47     1740
115     4032
108     3930
61     4022
56     3264
48     1646
44     1560
93     3253
60     2302
108     7118
27     1089
35     1164
46     1618
100     3702
88     4573
81     3530
44     1560
95     3293
70     2505
44     1621
51     1788
109     7397
69     2425
91     3474
113     6475
110     5204
50     1802
44     1575
84     3160
105     6769
26     854
91     3179
93     3398
54     1998
100     6253
38     1449
71     2456
60     2216
88     3224
45     1617
103     7114
25     797
49     1786
60     2046
61     2254
26     823
69     4001
38     3035
32     1118
108     3873
27     998
36     1233
24     760
101     4749
94     3365
16     556
67     2426
68     2945
66     2400
67     2373
69     2364
65     2317
32     1285
68     2437
26     1504
30     1005
65     10790
66     6096
98     3761
57     2119
108     5724
66     2484
98     3590
81     3498
78     2857
94     3616
59     2286
83     3095
109     4143
68     2486
94     3580
24     892
67     2590
102     3807
65     2568
68     2504
107     6117
23     832
94     3454
18     632
90     3369
44     1748
41     1484
68     2539
97     4677
67     2504
113     4114
32     1141
33     1218
110     4052
82     3309
51     1844
63     2308
60     2213
48     1742
34     2826
50     2269
34     1226
85     3199
108     4193
29     1043
43     1592
64     2327
102     4053
69     2528
101     3776
72     2673
79     2972
64     2418
40     1464
22     774
94     3675
96     3688
94     3667
43     1552
38     1470
108     4310
13     949
21     773
68     2455
97     7613
16     590
73     3615
29     1109
73     2831
34     1260
72     2838
85     3338
114     4261
76     3057
106     3926
82     3108
34     1272
62     2414
102     3756
39     1413
70     2661
95     3531
60     2424
19     681
24     872
14     491
86     3415
41     1540
47     1895
96     3665
27     983
100     3843
41     1721
44     1630
16     570
63     2385
89     3252
68     2471
34     1322
15     532
77     2846
66     2575
99     3724
109     4085
19     666
82     3119
105     4730
14     523
107     4082
87     3301
100     3854
114     4359
89     3426
99     3918
40     1599
111     4453
56     2101
37     1323
112     4241
94     3544
61     2242
106     4002
56     2028
82     3061
70     2665
114     4704
44     1653
73     2736
103     3890
85     3204
100     4012
83     6663
20     637
50     2063
68     2471
29     914
111     4019
68     2415
52     2683
90     3128
35     1286
30     963
30     990
85     3152
89     4450
60     2259
97     3971
16     548
65     2318
58     2119
26     925
24     789
62     2159
59     2479
108     3911
97     3474
14     468
82     2869
72     2690
111     4234
40     1376
38     1388
95     3490
104     3779
107     4059
46     1642
20     712
41     1464
34     1211
88     3185
38     1366
96     3718
33     1163
69     2571
68     2441
40     1381
108     4015
30     1074
60     2154
103     4513
70     2569
70     2624
83     3003
68     2554
22     722
47     1698
86     14034
33     1170
107     4237
51     2547
32     1191
77     2840
47     1778
34     1194
35     1361
40     1442
37     1276
70     2751
