113     68117
54     12857
13     1105
89     31374
99     12781
80     6896
69     7172
103     4349
34     2142
112     7642
25     1015
41     1527
79     3100
18     663
53     2194
19     756
36     4385
48     2901
58     2244
93     3449
118     5362
40     1648
74     3472
42     1820
29     1108
56     2187
104     4826
79     3984
101     3959
17     626
34     1298
40     1679
46     1749
38     1872
28     1530
15     1133
47     2121
36     1397
46     1681
99     3984
62     3560
22     968
85     3356
27     3752
46     12063
68     2666
83     3423
71     3458
43     1962
38     5205
69     2575
30     1124
91     3559
109     6179
18     670
79     2924
21     917
95     3534
77     3011
82     5027
37     1405
87     3287
90     3430
58     2402
62     3938
87     4122
80     3261
49     1856
74     2861
41     2331
118     6134
22     753
88     3205
56     2176
63     2731
103     6278
81     2889
84     2993
96     3962
42     2490
118     5122
102     3896
22     803
50     1971
19     664
115     13331
109     9276
94     13389
58     2779
57     2343
51     1841
112     4018
42     5629
61     3606
103     7084
90     6179
37     1409
63     2205
38     1259
98     3519
100     9169
36     1220
29     1022
118     4223
47     1895
69     3215
103     5142
18     645
106     3699
77     2964
15     509
69     4712
60     2223
56     1979
104     3781
18     650
115     5381
106     5199
115     4319
83     3073
77     3416
67     3296
101     4340
85     3137
44     1655
82     4326
91     4154
57     2000
83     2905
30     1157
72     2912
45     2556
90     3454
96     3484
23     764
28     941
79     4402
83     6258
52     1860
99     3670
100     3607
12     410
43     3097
85     3589
30     1057
79     2792
102     3772
99     5645
61     2667
59     2089
106     3841
112     6200
22     2391
112     4012
20     686
20     818
49     1643
96     5940
44     3124
44     1550
50     1751
43     1550
77     2618
50     1946
39     2088
82     3792
48     1661
37     1290
54     1908
76     2653
34     1294
56     1992
104     5125
79     2906
108     3853
110     4182
59     2825
97     4163
55     2066
36     1208
50     1718
20     821
16     616
17     602
84     3579
29     1041
107     4258
41     1404
102     3996
105     4581
72     4549
20     1175
72     2520
94     3987
13     457
66     3177
19     952
74     3230
36     1219
20     638
102     3705
44     1518
86     3344
61     6339
50     1755
98     3611
24     849
55     2044
68     3342
61     3068
79     3185
44     1523
30     1032
34     1171
16     572
90     3275
36     2756
65     3028
61     2193
92     3183
46     1645
45     1743
68     6183
35     1248
58     2261
85     3058
104     3930
85     5127
86     3832
26     884
79     2844
100     3739
21     1432
94     4631
86     4065
89     3346
43     1605
65     3888
33     1176
66     2926
33     1153
16     553
63     2393
56     2380
91     4816
58     3919
108     3946
93     3745
15     567
87     5164
62     2373
94     4264
49     1763
67     2454
108     5435
90     3943
38     1628
30     1102
48     1694
13     466
109     7388
95     3517
16     568
37     1277
88     4072
83     6609
19     596
75     2728
88     3135
45     1514
66     2935
75     11899
63     2386
79     2979
49     3593
49     1761
31     1053
68     2374
55     1907
70     2625
26     893
84     5584
70     3290
58     1980
103     3867
15     546
33     1162
96     8520
47     1610
112     4206
66     5157
103     5418
40     1375
53     1891
42     1480
67     2548
69     6716
54     2009
48     1718
58     2056
18     612
80     2981
89     6007
103     3804
104     3815
46     1648
112     4828
18     595
72     2618
27     1030
98     3410
32     1074
66     2541
59     3374
44     2100
62     2170
36     1324
81     2833
45     1727
56     1965
24     796
62     3171
72     3033
25     863
26     884
54     1894
104     4274
46     1576
68     3391
40     1409
67     2398
54     1901
43     1618
81     3155
14     920
100     4018
84     3075
97     3392
68     2488
44     1510
34     1240
102     3784
109     3976
102     3778
105     3968
45     1576
46     2179
111     6701
33     1169
61     2116
85     3003
112     4781
29     1019
28     981
36     1284
106     3829
56     2218
97     3559
103     3652
72     2759
34     1174
73     2592
51     1821
107     3822
25     883
17     547
100     3933
95     3674
56     2085
101     3680
113     4235
31     1111
94     3457
85     3127
55     2040
110     4469
59     2085
35     1194
33     1104
61     2151
90     3265
32     1173
101     10766
92     3294
106     4704
56     2077
84     9517
36     1241
47     1770
39     1343
38     4519
19     3311
84     2972
49     1693
70     2722
37     3917
55     2065
47     1660
42     1421
95     3511
91     8817
54     1927
25     827
60     2174
58     2014
69     7532
33     1104
39     1395
111     4034
88     6425
20     746
73     2581
78     2796
17     567
20     668
76     2698
66     2495
107     12405
78     2910
88     6722
109     5188
21     650
17     554
53     1972
94     6043
49     1827
22     840
66     4518
91     3417
62     5768
16     671
68     3205
89     3187
87     3233
112     5913
49     1723
69     2433
19     634
23     762
30     1067
61     2616
53     1870
106     17425
42     4355
86     3341
50     3632
62     2413
39     1357
45     8671
116     4615
86     7004
39     1952
114     8794
118     15356
106     42084
112     5545
36     1416
47     1637
27     918
60     8746
45     1618
77     3135
119     10385
101     6085
20     795
14     802
67     13765
14     602
95     5426
43     1748
53     7591
82     11286
27     947
17     955
31     1034
81     2956
107     9199
26     1082
19     684
56     2013
82     3055
93     12741
52     3704
44     5077
92     12255
35     1874
77     14800
47     3005
81     9265
73     2709
92     8496
21     1374
69     3519
100     6448
89     7288
24     874
91     3211
97     3631
103     8477
32     1080
18     602
24     1030
62     2300
95     3475
76     6530
45     1575
75     2659
33     1096
64     2318
14     463
101     6488
46     1867
104     4786
88     3301
117     7931
115     5730
25     1128
27     911
31     1069
107     5819
84     2957
86     3262
87     3197
37     1269
110     5066
55     1892
94     3451
38     1252
13     438
103     3825
47     2710
52     2279
41     1353
23     795
104     3761
61     2110
79     2976
98     5356
109     4133
69     2831
90     3637
58     4022
84     3551
67     6693
86     3896
42     2265
30     1370
69     2354
67     2382
31     1041
36     1528
106     4429
62     9577
60     4399
100     5005
79     2694
76     2625
19     636
35     1212
49     1884
13     549
19     588
56     1945
49     3778
42     1415
82     2916
23     770
109     3922
105     4634
40     2021
87     3026
19     634
78     2832
71     2460
63     2399
75     3656
112     4622
20     784
40     1375
88     3213
44     1780
46     1654
64     4389
28     937
28     959
95     3430
98     3854
16     672
22     773
53     2572
45     2842
15     476
94     3359
21     694
63     2180
93     6919
21     756
92     6043
45     1498
109     4078
94     4276
91     3804
117     4014
64     2273
86     3313
59     4096
78     2713
57     1926
19     608
87     3166
65     2395
37     1279
56     3195
83     3338
54     1816
16     547
17     679
59     2142
83     3115
100     5334
91     3235
58     2149
56     1935
63     2712
87     4176
41     2222
100     3519
65     2422
33     1099
57     1976
61     2345
27     1244
40     4510
31     1079
68     2503
62     2161
113     4085
99     6829
116     4146
67     2345
66     2561
65     2287
68     4868
114     4092
85     2887
111     4127
49     4355
76     2662
119     4276
62     2245
88     4555
35     2807
37     1236
97     3315
60     2130
63     2287
107     7029
69     2393
69     2695
71     2491
57     2079
24     823
101     6693
46     1600
82     2788
104     3723
56     3152
86     4044
98     3514
112     3954
45     1735
92     6648
17     540
111     4793
86     3094
105     7356
75     2779
55     1940
31     1131
43     1481
34     1495
107     9052
94     3329
67     2448
35     1274
95     4024
35     4270
46     1561
52     1830
27     894
71     2612
43     1650
75     3874
89     4903
106     3749
18     606
64     2866
62     2111
44     4606
95     3361
41     1423
73     2520
99     3773
39     1381
43     4649
110     3906
107     3864
99     5028
40     2088
49     1763
22     710
110     3796
116     4263
110     5946
43     1582
101     3482
81     3338
100     7567
65     2270
41     1426
91     3214
115     4160
62     4984
31     1071
60     2204
27     900
98     3374
19     633
104     6754
53     2448
41     1507
101     3521
31     1232
112     4106
69     5046
71     2965
39     1556
27     1007
103     3741
68     15664
86     13249
77     6474
40     12453
63     15439
103     21471
98     7626
46     2496
96     18416
90     14181
86     4167
107     15033
102     3914
28     1067
72     10423
46     2535
49     2244
20     10409
107     4033
96     3523
34     1477
71     2832
51     2530
80     18853
38     1357
95     8677
92     10222
68     3145
76     15404
16     625
69     2793
96     3971
64     2596
106     4300
74     5730
17     570
48     1682
46     1542
52     1812
102     3646
85     3205
100     12353
109     10975
43     3652
80     2887
47     7330
68     3744
16     620
41     1383
102     3651
19     615
34     3439
98     4644
72     2646
112     4391
78     4135
30     1199
102     3882
73     2719
32     1060
70     6379
46     1878
110     4385
84     19688
36     8957
95     3566
54     1932
79     3187
15     3658
77     8131
92     3807
52     8516
47     1753
53     1864
33     1144
39     1739
39     1414
31     1534
104     8196
107     3913
69     2640
19     1418
74     7555
107     3962
92     3689
96     8674
68     2553
78     3005
106     9094
43     1660
44     1598
22     755
24     838
54     2277
29     1401
59     12328
88     3476
55     8856
43     1607
64     2358
98     3784
70     6466
104     10005
83     6961
81     5072
18     633
84     3416
70     4844
75     4535
63     2760
36     1305
105     10483
29     4277
95     11801
22     3219
90     3597
70     2660
53     1876
69     5329
86     6091
95     19222
71     10195
83     8373
19     5113
76     23891
71     17322
94     6989
31     1021
51     1990
35     1167
18     629
80     2799
28     6723
82     3145
45     1620
49     50762
32     7637
17     641
13     525
69     3206
21     764
93     3359
97     4094
41     13650
42     15122
19     934
32     17527
20     12906
112     21006
109     48444
61     3754
78     11057
71     2641
54     2324
92     7722
107     21206
72     2723
53     12476
91     3298
41     1748
95     8139
45     7966
68     2518
65     7385
96     3503
40     1537
23     1518
17     643
41     1490
50     3411
68     2492
93     3639
41     1459
15     628
71     2777
107     3912
77     2988
35     1228
26     935
87     3135
51     1809
53     1937
44     1728
83     3018
84     3005
25     891
16     578
46     1671
111     4873
55     2016
34     7322
16     560
31     1097
107     3955
74     2983
51     1849
25     943
112     4070
91     3343
73     2614
92     3542
105     3855
20     786
69     2443
108     4126
30     1234
74     2651
104     3930
43     1754
84     3094
74     2628
111     4881
101     3710
17     801
112     4099
30     1031
72     2687
100     3593
83     3035
68     3461
41     1574
93     3464
105     3798
114     6196
106     4823
61     2209
63     2617
94     3369
113     3931
86     3379
87     3039
78     2768
65     2402
47     1574
70     2558
93     3365
73     2667
94     5516
72     2451
15     470
29     1054
79     2736
64     2261
83     2975
20     654
25     817
56     1925
102     3779
66     2357
31     1100
29     1074
56     1979
85     3054
66     2306
28     931
45     1510
20     626
82     3003
86     3681
60     2064
33     1081
