0      116
1      960
2      643
3      4771
4      14092
5      1800
6      5402
7      6601
8      4029
9      706
10      748
11      836
12      4912
13      1948
14      973
15      2578
16      2395
17      1680
18      6604
19      3270
20      6698
21      1834
22      4755
23      4345
24      1572
25      2773
26      1636
27      6411
28      2794
29      3238
30      1988
31      4979
32      5232
33      1361
34      1333
35      1849
36      1440
37      2333
38      2934
39      1606
40      2378
41      1812
42      1691
43      2224
44      1751
45      4343
46      5208
47      3522
48      2429
49      4168
50      2252
51      4587
52      2267
53      3012
54      3448
55      3656
56      2238
57      2524
58      2414
59      2730
60      8104
61      2370
62      2695
63      2436
64      5563
65      2713
66      2710
67      2797
68      2762
69      4809
70      3152
71      2924
72      3034
73      3796
74      3936
75      3658
76      2934
77      3237
78      5612
79      3876
80      3347
81      3291
82      5367
83      3443
84      3428
85      4280
86      5963
87      3320
88      4364
89      6025
90      4306
91      3615
92      4932
93      5954
94      4412
95      3952
96      6033
97      3911
98      4084
99      6288
100      5569
101      11773
102      4727
103      5126
104      17962
105      14952
106      14913
107      12383
108      4618
109      6513
110      4506
111      5525
112      7680
113      4666
114      4914
115      7834
116      5098
117      6501
118      5917
119      4976
120      7341
121      5578
122      5227
123      8249
124      5030
125      7866
126      5206
127      5884
128      7640
129      5703
130      7394
131      5480
132      6519
133      7925
134      5443
135      8165
136      6018
137      6429
138      7975
139      5970
140      8328
141      6079
142      8142
143      7172
144      8689
145      6201
146      8902
147      6855
148      6478
149      7816
150      7086
151      10178
152      7577
153      8605
154      7373
155      9080
156      9241
157      8109
158      8567
159      8617
160      10182
161      6829
162      9497
163      7561
164      9304
165      6890
166      9794
167      8202
168      12659
169      10096
170      7687
171      9364
172      7449
173      10164
174      8013
175      9685
176      8146
177      10044
178      8224
179      10398
180      8623
181      8286
182      8109
183      8477
184      7967
185      9083
186      8997
187      8599
188      8494
189      8744
190      8855
191      10082
192      8514
193      9658
194      8305
195      9318
196      8549
197      8473
198      9215
199      8627
200      9761
201      9683
202      8561
203      9326
204      10268
205      9485
206      8829
207      9902
208      8849
209      10287
210      10399
211      10107
212      9550
213      10258
214      10367
215      10532
216      10379
217      9455
218      10505
219      9372
220      10283
221      10979
222      10707
223      10906
224      9575
225      11062
226      10943
227      12022
228      11296
229      10350
230      10509
231      10694
232      10815
233      11618
234      10304
235      11107
236      11046
237      10848
238      11042
239      11433
240      11208
241      11773
242      10899
243      11286
244      11086
245      12439
246      11004
247      13451
248      11990
249      11884
250      13216
251      11896
252      12234
253      12360
254      14727
255      11518
256      10954
257      11753
258      11839
259      11119
260      12732
261      12718
262      12121
263      12751
264      11714
265      11790
266      12533
267      11688
268      12385
269      12315
270      12128
271      11580
272      12791
273      16810
274      16444
275      14586
276      15513
277      14652
278      16598
279      14745
280      15640
281      17044
282      15797
283      14712
284      15661
285      12830
286      16463
287      16092
288      61136
289      55797
290      27748
291      28857
292      22604
293      28635
294      26272
295      23729
296      17728
297      15868
298      16106
299      16612
300      17679
301      15551
302      17533
303      15897
304      17529
305      16091
306      17710
307      15951
308      16384
309      16862
310      16075
311      17153
312      18166
313      16521
314      20869
315      17979
316      17205
317      19178
318      46230
319      26093
320      17885
321      20288
322      15536
323      17225
324      18246
325      17494
326      16760
327      17724
328      16169
329      18247
330      30368
331      23828
332      25433
333      16995
334      17055
335      18660
336      17999
337      18397
338      18389
339      17912
340      18137
341      18974
342      17745
343      19686
344      18826
345      18636
346      18848
347      17972
348      18186
349      18834
350      18151
351      18459
352      19405
353      17607
354      18697
355      19263
356      19587
357      18511
358      18623
359      20108
360      23547
361      19153
362      19882
363      19588
364      18157
365      22000
366      20381
367      19061
368      21160
369      21578
370      18607
371      18435
372      20011
373      25187
374      16839
375      17875
376      27595
377      17025
378      17637
379      17863
380      17724
381      17542
382      17174
383      18769
384      18237
385      17443
386      17621
387      17360
388      18286
389      18619
390      17224
391      18910
392      17616
393      18415
394      17335
395      16994
396      19141
397      19165
398      17499
399      17165
400      19540
401      18926
402      18667
403      18207
404      19053
405      18820
406      19493
407      18247
408      18861
409      18289
410      17969
411      31461
412      19429
413      19466
414      20147
415      19612
416      19777
417      20046
418      19971
419      18362
420      19842
421      18909
422      19554
423      20930
424      18426
425      19133
426      22505
427      30106
428      25512
429      29173
430      26766
431      22604
432      23027
433      25759
434      21503
435      25370
436      22511
437      25687
438      23943
439      26515
440      24053
441      26335
442      23528
443      27951
444      30237
445      24133
446      25316
447      25608
448      30708
449      27368
450      23587
451      27115
452      28833
453      25419
454      28781
455      34119
456      25520
457      24225
458      27882
459      23505
460      26433
461      23295
462      29233
463      27268
464      21919
465      21899
466      22361
467      22616
468      20815
469      21283
470      22279
471      22401
472      23305
473      23097
474      23481
475      22016
476      22253
477      22403
478      22715
479      22973
480      22473
481      22844
482      22896
483      23499
484      22838
485      21786
486      22892
487      22577
488      23579
489      22674
490      22250
491      23927
492      23372
493      24292
494      22707
495      23285
496      24152
497      24059
498      22259
499      23862
500      24325
501      23729
502      23776
503      23669
504      24088
505      23979
506      23711
507      24614
508      25081
509      23261
510      24298
511      24879
512      24447
513      25189
514      24261
515      24793
516      24566
517      25291
518      25678
519      25664
520      25145
521      24680
522      23678
523      24793
524      25744
525      25523
526      24903
527      25154
528      25251
529      24348
530      26395
531      25207
532      27472
533      26445
534      24948
535      25527
536      27931
537      24753
538      25121
539      25324
540      26726
541      26805
542      24688
543      24793
544      25836
545      26448
546      26636
547      26630
548      26681
549      26856
550      28178
551      26282
552      26665
553      30672
554      23564
555      24596
556      26112
557      25224
558      24927
559      24910
560      24800
561      24670
562      24965
563      24761
564      26941
565      24719
566      26056
567      25537
568      27217
569      26205
570      24754
571      25825
572      25295
573      25738
574      26204
575      25409
576      27056
577      26634
578      25832
579      24279
580      25444
581      28790
582      25259
583      27323
584      28127
585      27765
586      26236
587      27488
588      26134
589      26811
590      25578
591      25604
592      25670
593      26283
594      27544
595      25719
596      27168
597      26836
598      26747
599      25774
600      27310
601      27561
602      26912
603      26766
604      28997
605      26951
606      27368
607      26818
608      27562
609      28902
610      27945
611      27526
612      26473
613      27247
614      28401
615      29024
616      30454
617      28939
618      27272
619      29461
620      31585
621      28081
622      28182
623      28150
624      28542
625      29533
626      29876
627      28969
628      30623
629      28498
630      29027
631      27911
632      28779
633      29170
634      29044
635      29885
636      28994
637      29375
638      28928
639      28367
640      28385
641      28445
642      29621
643      45500
644      30308
645      28983
646      29487
647      29004
648      30325
649      31057
650      30855
651      31770
652      29936
653      28053
654      28834
655      29739
656      28819
657      29255
658      29138
659      28865
660      29962
661      28467
662      28474
663      31336
664      31108
665      29453
666      28560
667      30603
668      28935
669      30425
670      28977
671      29159
672      31362
673      29763
674      30827
675      29457
676      30810
677      30763
678      31869
679      29329
680      31133
681      30085
682      29768
683      32638
684      31659
685      30240
686      31291
687      32737
688      31947
689      31910
690      31974
691      31185
692      31521
693      33415
694      32863
695      31445
696      31121
697      33558
698      33474
699      32107
700      33714
701      32057
702      30761
703      31647
704      32162
705      32604
706      31087
707      34389
708      33170
709      32442
710      33072
711      32408
712      31789
713      32985
714      33831
715      34289
716      33022
717      32569
718      32418
719      34635
720      31454
721      32891
722      34359
723      34093
724      32491
725      33767
726      32159
727      33290
728      34068
729      33487
730      33553
731      32558
732      33629
733      33430
734      34416
735      35447
736      35673
737      36300
738      32654
739      34237
740      32624
741      34067
742      32960
743      32235
744      33268
745      34817
746      33039
747      34545
748      32346
749      32221
750      34328
751      33546
752      32355
753      34946
754      33269
755      35516
756      32895
757      34199
758      33443
759      36098
760      34320
761      33821
762      35079
763      34521
764      32678
765      35465
766      36306
767      36027
768      35841
769      34551
770      33868
771      35200
772      34481
773      35069
774      35768
775      34827
776      34435
777      34997
778      35530
779      35662
780      35014
781      34961
782      36196
783      35177
784      35285
785      33873
786      36721
787      36227
788      37862
789      36133
790      36332
791      35033
792      35786
793      38693
794      36938
795      37528
796      37163
797      38514
798      37605
799      35650
800      36429
801      35546
802      39879
803      35991
804      38467
805      96749
806      121372
807      40645
808      37605
809      37300
810      34499
811      37637
812      39533
813      36442
814      36885
815      38921
816      50042
817      36619
818      37648
819      37851
820      38274
821      37342
822      36433
823      38207
824      36661
825      37465
826      36100
827      36173
828      36510
829      39389
830      37788
831      37243
832      37831
833      37623
834      38516
835      37266
836      37945
837      36491
838      38759
839      38535
840      39611
841      36590
842      38970
843      39557
844      38220
845      37406
846      38173
847      37749
848      39962
849      37796
850      38459
851      39676
852      40421
853      38191
854      38391
855      37418
856      40614
857      40100
858      40560
859      41817
860      38438
861      39073
862      40716
863      40312
864      40698
865      39523
866      38508
867      38759
868      44500
869      40229
870      41214
871      41108
872      41176
873      40205
874      40264
875      40372
876      40089
877      40395
878      40875
879      40574
880      40528
881      41741
882      40098
883      41487
884      45409
885      40620
886      40628
887      42938
888      41411
889      167111
890      88238
891      90862
892      74880
893      54345
894      40696
895      42250
896      41011
897      41241
898      39763
899      41136
900      41323
901      40428
902      41518
903      40919
904      41051
905      40579
906      40390
907      42642
908      39645
909      40769
910      39494
911      40849
912      41311
913      40256
914      42334
915      41759
916      40528
917      41494
918      41963
919      40593
920      52608
921      41026
922      41852
923      41883
924      42562
925      44107
926      44759
927      41811
928      42733
929      41616
930      41819
931      42189
932      44161
933      42338
934      44813
935      43834
936      43731
937      43465
938      46178
939      44890
940      43714
941      42109
942      43857
943      43577
944      42872
945      42896
946      42474
947      44776
948      46626
949      43346
950      43443
951      45511
952      44453
953      43460
954      57373
955      42977
956      44071
957      43382
958      45560
959      45934
960      43762
961      44483
962      42852
963      43478
964      43013
965      43274
966      46579
967      42347
968      44674
969      44440
970      43002
971      43663
972      43963
973      44366
974      44940
975      45330
976      43498
977      43400
978      44565
979      44503
980      43913
981      43554
982      43852
983      44475
984      44641
985      45417
986      44485
987      45321
988      46175
989      44368
990      42831
991      45507
992      46051
993      44816
994      46150
995      46108
996      44716
997      45755
998      46728
999      47136
